28
19
95
85
71
33
27
92
65
68
9
35
33
59
15
86
36
45
99
3
28
5
90
85
13
63
62
65
11
63
44
63
9
98
64
79
33
58
69
80
60
37
62
89
4
17
81
94
20
22
25
5
38
33
94
82
38
48
44
72
79
89
46
69
20
36
39
63
37
87
22
47
22
56
34
15
3
89
68
3
36
59
88
13
11
49
82
18
12
54
93
14
12
70
48
83
1
40
97
29
100
92
22
74
4
100
94
96
3
84
52
81
7
90
42
59
98
50
57
40
81
70
38
5
69
17
76
27
15
41
33
89
14
58
74
42
46
1
95
38
51
81
5
100
7
45
54
67
28
43
86
69
13
11
88
71
83
18
85
91
19
68
86
6
74
84
76
74
79
60
3
95
36
81
67
68
100
51
75
76
5
80
39
94
37
21
1
33
97
42
94
68
88
75
50
33
21
43
97
57
92
68
67
80
18
18
75
65
15
93
3
15
4
25
15
5
69
41
51
59
92
68
61
22
94
82
32
38
34
53
6
86
64
9
52
20
100
82
99
2
63
18
21
96
73
87
14
94
52
2
28
5
91
88
37
17
63
31
88
81
34
16
29
90
32
68
41
69
59
1
77
32
18
70
25
55
37
53
32
63
83
36
70
14
23
34
42
56
13
64
54
70
48
72
35
1
92
52
93
57
10
49
39
43
41
86
95
44
96
88
1
10
85
32
32
84
60
23
92
81
16
48
86
37
45
39
85
55
59
33
58
46
46
12
23
59
86
64
59
2
85
35
17
9
71
9
82
61
45
46
3
30
73
80
20
97
33
87
42
24
10
44
27
74
62
90
27
39
29
99
61
90
85
14
40
62
80
79
39
82
31
40
60
84
40
50
8
87
27
92
33
83
44
43
76
38
99
21
49
81
74
12
61
56
15
25
66
81
5
50
73
2
9
84
41
91
28
12
82
63
51
40
52
77
18
89
33
85
37
95
20
51
75
21
67
96
68
13
20
48
98
59
99
31
12
6
27
2
42
46
94
1
71
65
90
22
43
63
38
53
27
75
36
86
51
69
4
66
48
65
60
78
2
37
81
95
15
42
30
7
41
95
9
28
88
46
7
2
28
79
47
28
98
74
25
26
40
28
10
1
26
49
43
90
18
77
3
76
31
77
63
28
14
95
73
98
17
40
91
5
64
8
32
51
17
11
47
46
7
35
74
63
86
10
94
41
33
98
62
76
48
2
68
94
32
10
83
41
76
78
66
55
72
18
17
18
25
86
98
60
39
85
37
62
85
39
67
23
64
16
68
15
29
57
55
69
64
1
20
14
57
40
20
11
96
6
2
9
73
11
66
14
12
34
49
31
19
68
16
64
14
7
82
35
10
59
99
52
65
23
10
25
29
18
5
6
67
95
44
23
50
7
79
29
64
35
80
85
91
14
96
31
48
76
84
94
1
35
39
49
84
92
31
69
32
13
9
72
78
6
73
18
19
9
25
61
21
67
81
34
14
64
22
57
50
58
99
10
51
25
49
98
93
85
74
28
81
4
16
13
76
17
11
64
85
62
60
34
31
74
19
96
72
54
16
83
99
45
33
45
55
81
100
44
19
40
46
68
64
83
11
68
34
38
52
22
60
89
73
7
71
57
44
20
92
1
93
82
59
94
48
56
74
32
96
31
15
60
41
10
47
55
8
15
47
73
82
71
95
26
14
49
69
47
87
2
6
28
1
65
91
56
79
46
51
85
41
79
56
38
62
62
32
31
93
32
4
16
63
45
51
85
72
25
16
4
28
58
55
71
24
47
43
75
49
45
96
25
3
4
79
32
65
84
27
39
8
36
13
65
9
30
27
91
32
73
56
16
63
92
55
46
6
79
86
28
96
95
65
83
82
29
8
25
54
55
21
16
71
79
77
39
83
32
64
47
9
33
95
64
4
27
25
14
95
14
53
46
75
65
52
67
46
79
90
66
81
77
69
77
24
48
21
87
93
77
77
33
86
83
90
59
11
40
30
78
67
76
64
61
18
71
58
97
59
18
97
62
14
100
40
50
13
37
60
52
67
42
55
9
13
37
28
74
28
96
5
87
2
93
62
97
76
21
26
38
53
42
26
13
73
65
74
72
49
40
3
74
80
26
94
44
1
76
83
39
79
72
27
35
9
61
15
7
19
6
37
33
92
54
33
19
23
100
50
26
71
90
77
54
90
15
29
22
65
56
19
53
73
43
48
96
94
11
84
6
27
4
18
35
37
60
25
5
10
80
57
40
89
87
